0.341965620329 0.28314161305 0.158573796062 0.21631897056 1.0
0.344731803148 0.291592271156 0.184878024519 0.178797901176 1.0
0.474578806889 0.0435150711481 0.221546726509 0.260359395454 1.0
0.337674787698 0.260223632389 0.151794677879 0.250306902034 1.0
0.102040816327 0.744897959184 0.0663265306122 0.0867346938776
Total Seq: 196
Monte Carlo simulation......
8636
8349
8429
8494
8475
8369
8499
8310
8357
8407
8281
8396
8523
8241
8416
8459
8535
8624
8450
8351
8500
8371
8553
8367
8263
8376
8476
8561
8406
8597
8433
8360
8380
8378
8518
8298
8337
8396
8435
8396
8376
8483
8351
8411
8454
8466
8412
8292
8372
8412
8443
8479
8391
8375
8270
8399
8366
8401
8443
8461
8473
8370
8514
8341
8410
8330
8322
8415
8562
8449
8446
8549
8362
8285
8363
8616
8535
8387
8437
8320
8327
8419
8386
8283
8391
8419
8362
8428
8342
8328
8440
8277
8457
8316
8559
8383
8397
8311
8386
8344
test S: 11109
