5.500000	2.300000	
5.700000	2.800000	
5.900000	3.000000	
6.000000	2.200000	
6.100000	2.900000	
5.600000	2.900000	
5.800000	2.700000	
6.200000	2.200000	
5.600000	2.500000	
5.900000	3.200000	
6.100000	2.800000	
6.300000	2.500000	
6.100000	2.800000	
6.000000	2.900000	
5.700000	2.600000	
5.500000	2.400000	
5.500000	2.400000	
5.800000	2.700000	
6.000000	2.700000	
6.000000	3.400000	
6.300000	2.300000	
5.500000	2.500000	
5.500000	2.600000	
6.100000	3.000000	
5.800000	2.600000	
5.600000	2.700000	
5.700000	3.000000	
5.700000	2.900000	
6.200000	2.900000	
5.700000	2.800000	
5.800000	2.700000	
6.300000	2.900000	
6.400000	2.700000	
5.700000	2.500000	
5.800000	2.800000	
6.000000	2.200000	
5.600000	2.800000	
6.300000	2.700000	
6.200000	2.800000	
6.100000	3.000000	
6.400000	2.800000	
6.400000	2.800000	
6.300000	2.800000	
6.100000	2.600000	
6.000000	3.000000	
5.800000	2.700000	
6.300000	2.500000	
5.900000	3.000000	
