7.000000	3.200000	
6.400000	3.200000	
6.900000	3.100000	
6.500000	2.800000	
6.300000	3.300000	
6.600000	2.900000	
6.700000	3.100000	
6.400000	2.900000	
6.600000	3.000000	
6.800000	2.800000	
6.700000	3.000000	
6.700000	3.100000	
6.300000	3.300000	
7.100000	3.000000	
6.500000	3.000000	
6.700000	2.500000	
7.200000	3.600000	
6.500000	3.200000	
6.800000	3.000000	
6.400000	3.200000	
6.500000	3.000000	
6.900000	3.200000	
6.700000	3.300000	
7.200000	3.200000	
6.300000	3.400000	
6.400000	3.100000	
6.900000	3.100000	
6.700000	3.100000	
6.900000	3.100000	
6.800000	3.200000	
6.700000	3.300000	
6.700000	3.000000	
6.500000	3.000000	
6.200000	3.400000	
